           0   3923071246.1694746        6.3391978202990105E-009
          57           5   1.0000000000000000     
 (  3.9999999999993729     ,  1.9233011600818088E-006)
 (  3.9999999999993729     , -1.9233011600818088E-006)
 (  3.8466023201631577E-006, -3.9999999999979861     )
 (  3.8466023201631577E-006,  3.9999999999979861     )
   53.601897267525715       -57.838853420000532        22.970000000000368     
   2.5198472012140307       -2.6560377930999692       0.75584999999998814     
         601
   5000.0000000000000       -8.6709655050539638        4.4157489762408790     
   2.2937930886151925E-002   1.1675417922556367E-002
   5050.0000000000000       -8.9600452416783440        4.3372403144453866     
   2.2527092026653150E-002   1.1425361389366463E-002
   5100.0000000000000       -9.2891694924788268        4.2600558498110059     
   2.2119875914581755E-002   1.1182168586992417E-002
   5150.0000000000000       -9.6678985131354125        4.1845117221059764     
   2.1717147447226637E-002   1.0947478167391139E-002
   5200.0000000000000       -10.110689358032580        4.1104107746779261     
   2.1340681978038845E-002   1.0718965033396623E-002
   5250.0000000000000       -10.628355809637696        4.0379966196587516     
   2.0994912761184814E-002   1.0497671924949265E-002
   5300.0000000000000       -11.334826302814001        3.9668230396104991     
   2.0652037145701740E-002   1.0282144152346722E-002
   5350.0000000000000       -12.284913551933968        3.8972501925095182     
   2.0312895188530078E-002   1.0074055481173108E-002
   5400.0000000000000       -13.830034633400821        5.2127724823494646     
   1.9976176261760514E-002   9.8704988667135656E-003
   5450.0000000000000       -16.377109470514718        8.8606012713220519     
   1.9643537379316456E-002   9.6745736019330161E-003
   5500.0000000000000       -17.535798770872731        11.480244327953610     
   1.9312610604690583E-002   9.4817319869771564E-003
   5550.0000000000000       -14.906631018464950        11.294743946616675     
   1.8986354881080914E-002   9.2973033268004251E-003
   5600.0000000000000       -12.531075094670896        11.110464929903186     
   1.8660866403891418E-002   9.1142000943391852E-003
   5650.0000000000000       -11.969241465017951        10.934920585617746     
   1.8340864941825075E-002   8.9405757486081140E-003
   5700.0000000000000       -11.407407835365007        10.759376241332307     
   1.8020863479758731E-002   8.7669514028770445E-003
   5750.0000000000000       -11.377289616590154        10.592430068577393     
   1.7748388546037219E-002   8.6028975316893245E-003
   5800.0000000000000       -11.384016803882169        10.426079709137259     
   1.7479206979782447E-002   8.4395068498950079E-003
   5850.0000000000000       -11.499160408403874        11.433878553914308     
   1.7213815361714069E-002   8.2829460681419758E-003
   5900.0000000000000       -11.659678268997830        12.933080343194732     
   1.6950009906367747E-002   8.1292437246341821E-003
   5950.0000000000000       -11.291897457634889        13.700836634510990     
   1.6688384564496062E-002   7.9794148654278724E-003
   6000.0000000000000       -10.226903141702856        13.503279730645717     
   1.6429636391611879E-002   7.8346979735765578E-003
   6050.0000000000000       -9.2407343569434133        13.306913298902376     
   1.6171447688089202E-002   7.6909475952634254E-003
   6100.0000000000000       -8.8747730705491890        13.119913625944315     
   1.5917660947838641E-002   7.5548018462466013E-003
   6150.0000000000000       -8.5088117841549575        12.932913952986256     
   1.5663874207588080E-002   7.4186560972297763E-003
   6200.0000000000000       -8.3722362019773513        13.325861279734598     
   1.5413585646146366E-002   7.2884764574207275E-003
   6250.0000000000000       -8.3124813568786777        13.913031503399347     
   1.5164468616625015E-002   7.1602948536636625E-003
   6300.0000000000000       -8.0453066872774315        14.245215795650356     
   1.4930864882328088E-002   7.0346870622526843E-003
   6350.0000000000000       -7.3741589225166067        14.080786728101319     
   1.4727475009715718E-002   6.9140920556239787E-003
   6400.0000000000000       -6.7030111577557818        13.916357660552281     
   1.4524085137103349E-002   6.7934970489952739E-003
   6450.0000000000000       -6.2739109513641722        13.758232312520811     
   1.4323968436431578E-002   6.6791686710081970E-003
   6500.0000000000000       -5.8771078650803830        13.600948088389769     
   1.4124288484752334E-002   6.5656764677765010E-003
   6550.0000000000000       -5.5205462289952578        13.445835661048781     
   1.3911332210360783E-002   6.4547188256392054E-003
   6600.0000000000000       -5.2304119967495026        13.294308264110965     
   1.3676460432278326E-002   6.3479450365326057E-003
   6650.0000000000000       -4.9402777645037474        13.142780867173149     
   1.3441588654196757E-002   6.2411712474260070E-003
   6700.0000000000000       -4.6948800413478864        12.996492746645755     
   1.3241935398448312E-002   6.1395935188085973E-003
   6750.0000000000000       -4.4590863767138771        12.851329396876773     
   1.3049842874559126E-002   6.0391312833317223E-003
   6800.0000000000000       -4.2326262193190018        12.707436868017531     
   1.2866829014787307E-002   5.9399667615106051E-003
   6850.0000000000000       -4.0393936137020319        12.568068497815585     
   1.2716135458020084E-002   5.8454221372890572E-003
   6900.0000000000000       -3.8461610080850690        12.428700127613638     
   1.2565441901252861E-002   5.7508775130675083E-003
   6950.0000000000000       -3.6683673689152769        12.292509312084741     
   1.2395597727644869E-002   5.6594839659381245E-003
   7000.0000000000000       -3.5024863690523773        12.158770283910100     
   1.2210977021443803E-002   5.5705217761768374E-003
   7050.0000000000000       -3.3366053691894777        12.025031255735458     
   1.2026356315241848E-002   5.4815595864155511E-003
   7100.0000000000000       -3.1893043773735741        11.896289641216464     
   1.1875745989817332E-002   5.3971376821260134E-003
   7150.0000000000000       -3.0450860912695319        11.768377173573068     
   1.1730778503450168E-002   5.3134690801989832E-003
   7200.0000000000000       -2.9028104756425321        11.640983656465373     
   1.1582595705557530E-002   5.2302850915263172E-003
   7250.0000000000000       -2.7784157527521813        11.518366707990447     
   1.1404818264014516E-002   5.1515616213628056E-003
   7300.0000000000000       -2.6540210298618234        11.395749759515523     
   1.1227040822472389E-002   5.0728381511992932E-003
   7350.0000000000000       -2.5334769277441325        11.274594233196650     
   1.1060205743449458E-002   4.9954358683172752E-003
   7400.0000000000000       -2.4226237793822705        11.157116704626242     
   1.0920909582283755E-002   4.9213586505620658E-003
   7450.0000000000000       -2.3117706310204085        11.039639176055834     
   1.0781613421118053E-002   4.8472814328068565E-003
   7500.0000000000000       -2.2080553236541860        10.924236123077915     
   1.0643360878242802E-002   4.7750319178199814E-003
   7550.0000000000000       -2.1143718938254068        10.811748641504705     
   1.0506575088532699E-002   4.7053511474097909E-003
   7600.0000000000000       -2.0206884639966276        10.699261159931496     
   1.0369789298822596E-002   4.6356703769995997E-003
   7650.0000000000000       -1.9313446768613503        10.589149159594452     
   1.0234290554030245E-002   4.5680447586536584E-003
   7700.0000000000000       -1.8465003967285156        10.481500148773193     
   1.0100126266479492E-002   4.5025500003248453E-003
   7750.0000000000000       -1.7616561165956810        10.373851137951934     
   9.9659619789287390E-003   4.4370552419960322E-003
   7800.0000000000000       -1.6833329171597384        10.268760700497054     
   9.8331084359708498E-003   4.3735229874990464E-003
   7850.0000000000000       -1.6112991090247775        10.166137932102172     
   9.7015190677742780E-003   4.3118835104574826E-003
   7900.0000000000000       -1.5392653008898165        10.063515163707290     
   9.5699296995777061E-003   4.2502440334159187E-003
   7950.0000000000000       -1.4702987165525130        9.9628730027343355     
   9.4395223433583197E-003   4.1903227800397010E-003
   8000.0000000000000       -1.4048079102482660        9.8644752661084159     
   9.3104544431206193E-003   4.1323486177353699E-003
   8050.0000000000000       -1.3393171039440119        9.7660775294824962     
   9.1813865428829189E-003   4.0743744554310396E-003
   8100.0000000000000       -1.2773265705774506        9.6693225712057629     
   9.0649285430481896E-003   4.0176518640803556E-003
   8150.0000000000000       -1.2213184868727964        9.5753753479127344     
   8.9700226037967568E-003   3.9630683802683621E-003
   8200.0000000000000       -1.1653104031681352        9.4814281246197059     
   8.8751166645453239E-003   3.9084848964563677E-003
   8250.0000000000000       -1.1103694667263824        9.3883692604694033     
   8.7741008962982647E-003   3.8545996200729533E-003
   8300.0000000000000       -1.0594715532294714        9.2986760577625649     
   8.6499372648871642E-003   3.8033595912126267E-003
   8350.0000000000000       -1.0085736397325533        9.2089828550557247     
   8.5257736334760637E-003   3.7521195623523001E-003
   8400.0000000000000      -0.95767572623563524        9.1192896523488862     
   8.4016100020649631E-003   3.7008795334919735E-003
   8450.0000000000000      -0.91284656334145353        9.0335761847690286     
   8.3098732908322148E-003   3.6525914104144509E-003
   8500.0000000000000      -0.86809896418630217        8.9479162046528256     
   8.2185723959682377E-003   3.6043429608197675E-003
   8550.0000000000000      -0.82335136503115081        8.8622562245366208     
   8.1272715011042607E-003   3.5560945112250841E-003
   8600.0000000000000      -0.78255761064210816        8.7792991738620128     
   8.0371992884948895E-003   3.5098779845115905E-003
   8650.0000000000000      -0.74344499692954003        8.6974913854621523     
   7.9476495009762615E-003   3.4645254138735366E-003
   8700.0000000000000      -0.70433238321697189        8.6156835970622918     
   7.8580997134585218E-003   3.4191728432354826E-003
   8750.0000000000000      -0.66651562745973791        8.5351919353663170     
   7.7588226568048313E-003   3.3747767000272084E-003
   8800.0000000000000      -0.63108083676898019        8.4571194954830258     
   7.6416655422502089E-003   3.3321386019171330E-003
   8850.0000000000000      -0.59564604607822247        8.3790470555997345     
   7.5245084276946983E-003   3.2895005038070576E-003
   8900.0000000000000      -0.56021125538746475        8.3009746157164432     
   7.4073513131391877E-003   3.2468624056969826E-003
   8950.0000000000000      -0.53026254225363800        8.2263263837758185     
   7.3192672640898238E-003   3.2066069683681516E-003
   9000.0000000000000      -0.50067920190795689        8.1519062040984434     
   7.2331194813237687E-003   3.1665102162572790E-003
   9050.0000000000000      -0.47109586156227579        8.0774860244210664     
   7.1469716985577136E-003   3.1264134641464064E-003
   9100.0000000000000      -0.44241255794936052        8.0047440697338565     
   7.0615769450617094E-003   3.0874122923560642E-003
   9150.0000000000000      -0.41480308382134723        7.9340043971881737     
   6.9770806271565178E-003   3.0497182521620576E-003
   9200.0000000000000      -0.38719360969332683        7.8632647246424909     
   6.8925843092504380E-003   3.0120242119680510E-003
   9250.0000000000000      -0.35958413556530644        7.7925250520968072     
   6.8080879913452463E-003   2.9743301717740449E-003
   9300.0000000000000      -0.33245557858479202        7.7249684411003106     
   6.7249411350802646E-003   2.9386687960312637E-003
   9350.0000000000000      -0.30537671447620340        7.6577407338884997     
   6.6419337178533766E-003   2.9032174542512799E-003
   9400.0000000000000      -0.27829785036762189        7.5905130266766889     
   6.5589263006264886E-003   2.8677661124712961E-003
   9450.0000000000000      -0.25144600772564019        7.5242474890687632     
   6.4842103895879077E-003   2.8329227771064789E-003
   9500.0000000000000      -0.22515732030569779        7.4603687338432820     
   6.4300625996072114E-003   2.7995876779136142E-003
   9550.0000000000000      -0.19886863288576251        7.3964899786178000     
   6.3759148096274032E-003   2.7662525787207491E-003
   9600.0000000000000      -0.17257994546582012        7.3326112233923189     
   6.3217670196467068E-003   2.7329174795278845E-003
   9650.0000000000000      -0.14643376357750526        7.2706238845648690     
   6.2046983448853510E-003   2.7007902414898617E-003
   9700.0000000000000      -0.12038357913935727        7.2099106797963453     
   6.0452436347686600E-003   2.6694766672423387E-003
   9750.0000000000000       -9.4333394701216378E-002   7.1491974750278207     
   5.8857889246519690E-003   2.6381630929948161E-003
   9800.0000000000000       -6.8283210263068383E-002   7.0884842702592961     
   5.7263342145343898E-003   2.6068495187472930E-003
   9850.0000000000000       -4.2650659259876988E-002   7.0303129341272346     
   5.5039942246342122E-003   2.5771490435932357E-003
   9900.0000000000000       -1.7100307263746117E-002   6.9726418909806558     
   5.2692770945803602E-003   2.5477660601261115E-003
   9950.0000000000000        8.4500447323847538E-003   6.9149708478340779     
   5.0345599645265082E-003   2.5183830766589868E-003
   10000.000000000000        3.4000396728515625E-002   6.8572998046875000     
   4.7998428344726562E-003   2.4890000931918621E-003
   10050.000000000000      -0.11066252286613576        6.6739049247442619     
   4.5324407924374199E-003   2.4426880197965812E-003
   10100.000000000000      -0.25532544246078714        6.4905100448010238     
   4.2650387504012954E-003   2.3963759464013003E-003
   10150.000000000000      -0.39998836205543853        6.3071151648577848     
   3.9976367083660591E-003   2.3500638730060194E-003
   10200.000000000000      -0.53083241807757986        6.1357619837379769     
   3.7481303647961539E-003   2.3056697778166282E-003
   10250.000000000000      -0.52091246353791121        6.0870699615093189     
   3.6809161666466750E-003   2.2808129117933293E-003
   10300.000000000000      -0.51099250899824966        6.0383779392806600     
   3.6137019684980842E-003   2.2559560457700309E-003
   10350.000000000000      -0.50107255445858101        5.9896859170520012     
   3.5464877703486053E-003   2.2310991797467321E-003
   10400.000000000000      -0.49131341122079419        5.9412354555049260     
   3.4795494835861973E-003   2.2063974887025157E-003
   10450.000000000000      -0.48296384360770617        5.8949023703155747     
   3.4150296709078987E-003   2.1830559686507982E-003
   10500.000000000000      -0.47461427599462525        5.8485692851262225     
   3.3505098582296000E-003   2.1597144485990811E-003
   10550.000000000000      -0.46626470838153722        5.8022361999368712     
   3.2859900455513014E-003   2.1363729285473637E-003
   10600.000000000000      -0.45796816528793016        5.7559876309214282     
   3.2215730541693688E-003   2.1130849279379620E-003
   10650.000000000000      -0.45102891216695440        5.7119024564355243     
   3.1597880209099927E-003   2.0911668860402930E-003
   10700.000000000000      -0.44408965904597153        5.6678172819496195     
   3.0980029876497284E-003   2.0692488441426240E-003
   10750.000000000000      -0.43715040592499577        5.6237321074637157     
   3.0362179543903522E-003   2.0473308022449545E-003
   10800.000000000000      -0.43021115280401290        5.5796469329778109     
   2.9744329211300879E-003   2.0254127603472854E-003
   10850.000000000000      -0.42318349927981558        5.5374435707661229     
   2.9148147810609260E-003   2.0046894092327384E-003
   10900.000000000000      -0.41614527605813834        5.4954652096371639     
   2.8554557281079695E-003   1.9841089027172057E-003
   10950.000000000000      -0.40910705283646820        5.4534868485082058     
   2.7960966751541250E-003   1.9635283962016730E-003
   11000.000000000000      -0.40206882961479096        5.4115084873792476     
   2.7367376222011686E-003   1.9429478896861399E-003
   11050.000000000000      -0.39674803106270673        5.3708282186143093     
   2.6787297308628055E-003   1.9232059305916008E-003
   11100.000000000000      -0.39228159992324407        5.3307937119803306     
   2.6213940020198834E-003   1.9038811237618006E-003
   11150.000000000000      -0.38781516878378142        5.2907592053463528     
   2.5640582731778494E-003   1.8845563169320003E-003
   11200.000000000000      -0.38334873764431876        5.2507246987123741     
   2.5067225443358154E-003   1.8652315101022002E-003
   11250.000000000000      -0.37924660909554575        5.2113963726541765     
   2.4502910634689457E-003   1.8463310220562833E-003
   11300.000000000000      -0.37579267891381818        5.1733245435514119     
   2.3954684980376229E-003   1.8281855183279287E-003
   11350.000000000000      -0.37233874873208350        5.1352527144486464     
   2.3406459326054119E-003   1.8100400145995741E-003
   11400.000000000000      -0.36888481855034883        5.0971808853458809     
   2.2858233671740891E-003   1.7918945108712195E-003
   11450.000000000000      -0.36543088836862125        5.0591090562431154     
   2.2310008017418781E-003   1.7737490071428651E-003
   11500.000000000000      -0.36285598103227557        5.0228430234687744     
   2.1782244631252112E-003   1.7566749249039854E-003
   11550.000000000000      -0.36031069331050247        4.9866378389323485     
   2.1255170743081919E-003   1.7396369453576807E-003
   11600.000000000000      -0.35776540558872227        4.9504326543959216     
   2.0728096854911726E-003   1.7225989658113761E-003
   11650.000000000000      -0.35522011786694918        4.9142274698594957     
   2.0201022966741533E-003   1.7055609862650712E-003
   11700.000000000000      -0.35257318364104862        4.8788644571718702     
   1.9681950708116958E-003   1.6890321705585875E-003
   11750.000000000000      -0.34982011450787809        4.8443808041026299     
   1.9171233406849453E-003   1.6730350018318947E-003
   11800.000000000000      -0.34706704537471467        4.8098971510333897     
   1.8660516105590830E-003   1.6570378331052021E-003
   11850.000000000000      -0.34431397624154414        4.7754134979641494     
   1.8149798804332207E-003   1.6410406643785095E-003
   11900.000000000000      -0.34156090710838072        4.7409298448949091     
   1.7639081503073584E-003   1.6250434956518170E-003
   11950.000000000000      -0.34047182917466756        4.7079732516814508     
   1.7145937418705515E-003   1.6099484621124017E-003
   12000.000000000000      -0.33952040843881548        4.6751429877302959     
   1.6654247115939214E-003   1.5949280596179157E-003
   12050.000000000000      -0.33856898770296340        4.6423127237791402     
   1.6162556813172912E-003   1.5799076571234299E-003
   12100.000000000000      -0.33761756696711132        4.6094824598279853     
   1.5670866510406611E-003   1.5648872546289441E-003
   12150.000000000000      -0.33684073387564695        4.5770884809598220     
   1.5184406920321081E-003   1.5501132687963592E-003
   12200.000000000000      -0.33653931949469040        4.5458825477423170     
   1.4712191056824864E-003   1.5360102988999924E-003
   12250.000000000000      -0.33623790511374096        4.5146766145248129     
   1.4239975193328647E-003   1.5219073290036256E-003
   12300.000000000000      -0.33593649073278442        4.4834706813073080     
   1.3767759329832430E-003   1.5078043591072589E-003
   12350.000000000000      -0.33563507635182788        4.4522647480898039     
   1.3295543466336213E-003   1.4937013892108921E-003
   12400.000000000000      -0.33528890036859593        4.4218544822546635     
   1.2830130681713570E-003   1.4800488831745583E-003
   12450.000000000000      -0.33490183385786310        4.3921710728618404     
   1.2370932631808884E-003   1.4668078839637575E-003
   12500.000000000000      -0.33451476734713026        4.3624876634690182     
   1.1911734581904199E-003   1.4535668847529570E-003
   12550.000000000000      -0.33412770083639742        4.3328042540761960     
   1.1452536531999513E-003   1.4403258855421562E-003
   12600.000000000000      -0.33374063432566459        4.3031208446833737     
   1.0993338482094828E-003   1.4270848863313557E-003
   12650.000000000000      -0.33417425382938859        4.2744146864019088     
   1.0544759699167017E-003   1.4143971412440633E-003
   12700.000000000000      -0.33498773371695023        4.2461608557777000     
   1.0101096119807806E-003   1.4019654737796520E-003
   12750.000000000000      -0.33580121360450477        4.2179070251534920     
   9.6574325404485961E-004   1.3895338063152408E-003
   12800.000000000000      -0.33661469349206641        4.1896531945292841     
   9.2137689610805040E-004   1.3771021388508293E-003
   12850.000000000000      -0.33742817337962805        4.1613993639050761     
   8.7701053817212937E-004   1.3646704713864181E-003
   12900.000000000000      -0.33858278150663068        4.1342008621712791     
   8.3385256815482478E-004   1.3528090925699534E-003
   12950.000000000000      -0.33985086227549033        4.1073534042485047     
   7.9109655538900370E-004   1.3411374141418478E-003
   13000.000000000000      -0.34111894304434287        4.0805059463257303     
   7.4834054262318261E-004   1.3294657357137423E-003
   13050.000000000000      -0.34238702381320252        4.0536584884029558     
   7.0558452985824971E-004   1.3177940572856369E-003
   13100.000000000000      -0.34365510458206217        4.0268110304801814     
   6.6282851709242863E-004   1.3061223788575313E-003
   13150.000000000000      -0.34521221410859226        4.0009271404480184     
   6.2099995837172628E-004   1.2949648741752266E-003
   13200.000000000000      -0.34688138641811150        3.9754168468022271     
   5.7953099390850582E-004   1.2840067259215350E-003
   13250.000000000000      -0.34855055872763074        3.9499065531564357     
   5.3806202944528536E-004   1.2730485776678434E-003
   13300.000000000000      -0.35021973103714998        3.9243962595106443     
   4.9659306498117672E-004   1.2620904294141518E-003
   13350.000000000000      -0.35188890334666922        3.8988859658648529     
   4.5512410051795626E-004   1.2511322811604602E-003
   13400.000000000000      -0.35376687595542222        3.8741291075027764     
   4.1439489467709478E-004   1.2405711516735231E-003
   13450.000000000000      -0.35578862817063595        3.8498910636682115     
   3.7417508563120094E-004   1.2302834087777627E-003
   13500.000000000000      -0.35781038038584967        3.8256530198336467     
   3.3395527658619528E-004   1.2199956658820025E-003
   13550.000000000000      -0.35983213260107050        3.8014149759990818     
   2.9373546754118962E-004   1.2097079229862421E-003
   13600.000000000000      -0.36185388481628422        3.7771769321645170     
   2.5351565849618396E-004   1.1994201800904817E-003
   13650.000000000000      -0.36398907431255623        3.7533788853648482     
   2.1373964212667573E-004   1.1893614135668825E-003
   13700.000000000000      -0.36632263136968390        3.7303502605557117     
   1.7473968517744964E-004   1.1797030575962657E-003
   13750.000000000000      -0.36865618842680448        3.7073216357465753     
   1.3573972822733538E-004   1.1700447016256487E-003
   13800.000000000000      -0.37098974548392505        3.6842930109374388     
   9.6739771277221109E-005   1.1603863456550320E-003
   13850.000000000000      -0.37332330254105273        3.6612643861283027     
   5.7739814327995020E-005   1.1507279896844152E-003
   13900.000000000000      -0.37566583136845111        3.6382737406550905     
   1.8770329263340102E-005   1.1410891415086220E-003
   13950.000000000000      -0.37827119590387071        3.6163957324136038     
  -1.9306455770973230E-005   1.1320217909196431E-003
   14000.000000000000      -0.38087656043929030        3.5945177241721171     
  -5.7383240804398383E-005   1.1229544403306643E-003
   14050.000000000000      -0.38348192497470990        3.5726397159306305     
  -9.5460025838711715E-005   1.1138870897416855E-003
   14100.000000000000      -0.38608728951012949        3.5507617076891438     
  -1.3353681087302505E-004   1.1048197391527066E-003
   14150.000000000000      -0.38869265404554909        3.5288836994476567     
  -1.7161359590645020E-004   1.0957523885637278E-003
   14200.000000000000      -0.39143865150341384        3.5076597569414876     
  -2.0904887256190108E-004   1.0870168823781654E-003
   14250.000000000000      -0.39427918507761461        3.4868754898211800     
  -2.4605291512447280E-004   1.0785044482910784E-003
   14300.000000000000      -0.39711971865180828        3.4660912227008729     
  -2.8305695768704453E-004   1.0699920142039914E-003
   14350.000000000000      -0.39996025222600906        3.4453069555805653     
  -3.2006100024961626E-004   1.0614795801169043E-003
   14400.000000000000      -0.40280078580020984        3.4245226884602578     
  -3.5706504281218798E-004   1.0529671460298173E-003
   14450.000000000000      -0.40565474942649615        3.4037976914085406     
  -3.9401886389978102E-004   1.0444844137561147E-003
   14500.000000000000      -0.40873093024780616        3.3840533925924947     
  -4.3014170717015077E-004   1.0364931355447248E-003
   14550.000000000000      -0.41180711106911616        3.3643090937764488     
  -4.6626455044052051E-004   1.0285018573333350E-003
   14600.000000000000      -0.41488329189043327        3.3445647949604034     
  -5.0238739371089025E-004   1.0205105791219451E-003
   14650.000000000000      -0.41795947271174327        3.3248204961443575     
  -5.3851023698125999E-004   1.0125193009105553E-003
   14700.000000000000      -0.42103565353305328        3.3050761973283116     
  -5.7463308025162974E-004   1.0045280226991652E-003
   14750.000000000000      -0.42417070265764778        3.2857346175478543     
  -6.1034010813720840E-004   9.9673599472459512E-004
   14800.000000000000      -0.42739144950744645        3.2669792973217704     
  -6.4544181141545920E-004   9.8923402593452869E-004
   14850.000000000000      -0.43061219635724513        3.2482239770956869     
  -6.8054351469282182E-004   9.8173205714446226E-004
   14900.000000000000      -0.43383294320705090        3.2294686568696034     
  -7.1564521797018443E-004   9.7423008835439582E-004
   14950.000000000000      -0.43705369005684958        3.2107133366435199     
  -7.5074692124843523E-004   9.6672811956432939E-004
   15000.000000000000      -0.44027443690664825        3.1919580164174364     
  -7.8584862452579785E-004   9.5922615077426296E-004
   15050.000000000000      -0.44359384013478120        3.1738114367698951     
  -8.2035542062541822E-004   9.5202167967797801E-004
   15100.000000000000      -0.44696697503086824        3.1559963982471748     
  -8.5453820974645822E-004   9.4497923609144759E-004
   15150.000000000000      -0.45034010992695528        3.1381813597244541     
  -8.8872099886749822E-004   9.3793679250491716E-004
   15200.000000000000      -0.45371324482304232        3.1203663212017339     
  -9.2290378798853823E-004   9.3089434891838684E-004
   15250.000000000000      -0.45708637971912935        3.1025512826790131     
  -9.5708657710957823E-004   9.2385190533185641E-004
   15300.000000000000      -0.46045951461521639        3.0847362441562929     
  -9.9126936623150641E-004   9.1680946174532599E-004
   15350.000000000000      -0.46393167766659360        3.0676138543706997     
  -1.0251303839519110E-003   9.1010130800519792E-004
   15400.000000000000      -0.46743265526441746        3.0506930068550622     
  -1.0588977747953976E-003   9.0349042367574765E-004
   15450.000000000000      -0.47093363286223422        3.0337721593394247     
  -1.0926651656388842E-003   8.9687953934629739E-004
   15500.000000000000      -0.47443461046005808        3.0168513118237872     
  -1.1264325564823707E-003   8.9026865501684713E-004
   15550.000000000000      -0.47793558805787484        2.9999304643081497     
  -1.1601999473258573E-003   8.8365777068739686E-004
   15600.000000000000      -0.48143656565569870        2.9830096167925122     
  -1.1939673381693439E-003   8.7704688635794660E-004
   15650.000000000000      -0.48499235848557021        2.9667565247051382     
  -1.2269169147485215E-003   8.7075481898628824E-004
   15700.000000000000      -0.48856296863223037        2.9506839361630046     
  -1.2596454247990607E-003   8.6454893225611706E-004
   15750.000000000000      -0.49213357877889052        2.9346113476208715     
  -1.2923739348504881E-003   8.5834304552594588E-004
   15800.000000000000      -0.49570418892555779        2.9185387590787384     
  -1.3251024449010274E-003   8.5213715879577470E-004
   15850.000000000000      -0.49927479907221795        2.9024661705366053     
  -1.3578309549524548E-003   8.4593127206560341E-004
   15900.000000000000      -0.50284540921887810        2.8863935819944717     
  -1.3905594650029940E-003   8.3972538533543222E-004
   15950.000000000000      -0.50648598878516538        2.8708717387084879     
  -1.4230163077577629E-003   8.3377919167512975E-004
   16000.000000000000      -0.51015910356100136        2.8556059874754296     
  -1.4553468274351999E-003   8.2795375317458670E-004
   16050.000000000000      -0.51383221833683734        2.8403402362423713     
  -1.4876773471117488E-003   8.2212831467404364E-004
   16100.000000000000      -0.51750533311266622        2.8250744850093126     
  -1.5200078667891859E-003   8.1630287617350070E-004
   16150.000000000000      -0.52117844788850221        2.8098087337762543     
  -1.5523383864666229E-003   8.1047743767295765E-004
   16200.000000000000      -0.52485156266433108        2.7945429825431960     
  -1.5846689061431718E-003   8.0465199917241471E-004
   16250.000000000000      -0.52857543811551011        2.7796294892192823     
  -1.6166813329157037E-003   7.9899033661674443E-004
   16300.000000000000      -0.53235924056500039        2.7651318642617011     
  -1.6483182258140161E-003   7.9352202453772988E-004
   16350.000000000000      -0.53614304301449067        2.7506342393041203     
  -1.6799551187123285E-003   7.8805371245871522E-004
   16400.000000000000      -0.53992684546397385        2.7361366143465391     
  -1.7115920116115291E-003   7.8258540037970067E-004
   16450.000000000000      -0.54371064791346413        2.7216389893889583     
  -1.7432289045098415E-003   7.7711708830068612E-004
   16500.000000000000      -0.54749445036295441        2.7071413644313771     
  -1.7748657974090420E-003   7.7164877622167146E-004
   16550.000000000000      -0.55128510055455138        2.6927264102197230     
  -1.8064421635246575E-003   7.6621842862238990E-004
   16600.000000000000      -0.55512939375553572        2.6789590720446554     
  -1.8375443822904458E-003   7.6108548254791861E-004
   16650.000000000000      -0.55897368695652716        2.6651917338695883     
  -1.8686466010562341E-003   7.5595253647344721E-004
   16700.000000000000      -0.56281798015751150        2.6514243956945207     
  -1.8997488198220225E-003   7.5081959039897581E-004
   16750.000000000000      -0.56666227335850294        2.6376570575194536     
  -1.9308510385869226E-003   7.4568664432450441E-004
   16800.000000000000      -0.57050656655948728        2.6238897193443864     
  -1.9619532573527110E-003   7.4055369825003301E-004
   16850.000000000000      -0.57435085976047873        2.6101223811693188     
  -1.9930554761184993E-003   7.3542075217556172E-004
   16900.000000000000      -0.57822626436178837        2.5968013218062338     
  -2.0238207235161454E-003   7.3049030902096830E-004
   16950.000000000000      -0.58211891235897895        2.5837276110725322     
  -2.0543992055923610E-003   7.2567210247347622E-004
   17000.000000000000      -0.58601156035617663        2.5706539003388311     
  -2.0849776876676884E-003   7.2085389592598404E-004
   17050.000000000000      -0.58990420835336721        2.5575801896051296     
  -2.1155561697439040E-003   7.1603568937849197E-004
   17100.000000000000      -0.59379685635055779        2.5445064788714284     
  -2.1461346518192315E-003   7.1121748283099989E-004
   17150.000000000000      -0.59768950434775547        2.5314327681377273     
  -2.1767131338945589E-003   7.0639927628350781E-004
   17200.000000000000      -0.60158398798407120        2.5183901890170617     
  -2.2072740203826768E-003   7.0159502270262337E-004
   17250.000000000000      -0.60551553694288884        2.5059762210761747     
  -2.2374796158315391E-003   6.9707250816271066E-004
   17300.000000000000      -0.60944708590170649        2.4935622531352877     
  -2.2676852112812895E-003   6.9254999362279796E-004
   17350.000000000000      -0.61337863486052413        2.4811482851944007     
  -2.2978908067301518E-003   6.8802747908288514E-004
   17400.000000000000      -0.61731018381934177        2.4687343172535132     
  -2.3280964021790140E-003   6.8350496454297244E-004
   17450.000000000000      -0.62124173277815942        2.4563203493126262     
  -2.3583019976278763E-003   6.7898245000305973E-004
   17500.000000000000      -0.62517328173697706        2.4439063813717392     
  -2.3885075930767385E-003   6.7445993546314702E-004
   17550.000000000000      -0.62911400194148825        2.4316942703185092     
  -2.4186157515506679E-003   6.7002684964378295E-004
   17600.000000000000      -0.63307401645434425        2.4199068223005149     
  -2.4485189238001581E-003   6.6578190242274119E-004
   17650.000000000000      -0.63703403096720024        2.4081193742825202     
  -2.4784220960487602E-003   6.6153695520169942E-004
   17700.000000000000      -0.64099404548006333        2.3963319262645260     
  -2.5083252682973622E-003   6.5729200798065755E-004
   17750.000000000000      -0.64495405999291933        2.3845444782465317     
  -2.5382284405459643E-003   6.5304706075961579E-004
   17800.000000000000      -0.64891407450577532        2.3727570302285370     
  -2.5681316127945664E-003   6.4880211353857402E-004
   17850.000000000000      -0.65287408901863131        2.3609695822105428     
  -2.5980347850431684E-003   6.4455716631753215E-004
   17900.000000000000      -0.65684378303065216        2.3494592283968414     
  -2.6277351037276020E-003   6.4043344002444292E-004
   17950.000000000000      -0.66082459619875067        2.3382671817243144     
  -2.6572023979118953E-003   6.3644896416109652E-004
   18000.000000000000      -0.66480540936685628        2.3270751350517873     
  -2.6866696920961886E-003   6.3246448829775022E-004
   18050.000000000000      -0.66878622253495479        2.3158830883792607     
  -2.7161369862813700E-003   6.2848001243440393E-004
   18100.000000000000      -0.67276703570305330        2.3046910417067337     
  -2.7456042804656633E-003   6.2449553657105753E-004
   18150.000000000000      -0.67674784887115180        2.2934989950342066     
  -2.7750715746508448E-003   6.2051106070771123E-004
   18200.000000000000      -0.68072866203925031        2.2823069483616796     
  -2.8045388688351380E-003   6.1652658484436494E-004
   18250.000000000000      -0.68471537220592893        2.2713836592394219     
  -2.8338646136347734E-003   6.1265828488974404E-004
   18300.000000000000      -0.68870860521472110        2.2607576506818181     
  -2.8630337865314104E-003   6.0891849049602928E-004
   18350.000000000000      -0.69270183822351328        2.2501316421242143     
  -2.8922029594271592E-003   6.0517869610231451E-004
   18400.000000000000      -0.69669507123230545        2.2395056335666106     
  -2.9213721323237962E-003   6.0143890170859975E-004
   18450.000000000000      -0.70068830424109763        2.2288796250090068     
  -2.9505413052204332E-003   5.9769910731488499E-004
   18500.000000000000      -0.70468153724988269        2.2182536164514031     
  -2.9797104781161821E-003   5.9395931292117012E-004
   18550.000000000000      -0.70867477025867487        2.2076276078937993     
  -3.0088796510128191E-003   5.9021951852745536E-004
   18600.000000000000      -0.71267152404580258        2.1971884310455385     
  -3.0379687225829954E-003   5.8655950294391021E-004
   18650.000000000000      -0.71667489220867964        2.1871002490660496     
  -3.0669073103064548E-003   5.8304936530723355E-004
   18700.000000000000      -0.72067826037156379        2.1770120670865611     
  -3.0958458980299142E-003   5.7953922767055700E-004
   18750.000000000000      -0.72468162853444795        2.1669238851070722     
  -3.1247844857533735E-003   5.7602909003388045E-004
   18800.000000000000      -0.72868499669732500        2.1568357031275838     
  -3.1537230734768329E-003   5.7251895239720380E-004
   18850.000000000000      -0.73268836486020916        2.1467475211480953     
  -3.1826616612002923E-003   5.6900881476052725E-004
   18900.000000000000      -0.73669173302308621        2.1366593391686064     
  -3.2116002489237516E-003   5.6549867712385070E-004
   18950.000000000000      -0.74069530000431172        2.1266124160976179     
  -3.2405095697125574E-003   5.6200595746570858E-004
   19000.000000000000      -0.74470112936133148        2.1170349826953032     
  -3.2690858588271254E-003   5.5871143890566868E-004
   19050.000000000000      -0.74870695871835835        2.1074575492929886     
  -3.2976621479425816E-003   5.5541692034562879E-004
   19100.000000000000      -0.75271278807538522        2.0978801158906739     
  -3.3262384370571496E-003   5.5212240178558879E-004
   19150.000000000000      -0.75671861743240498        2.0883026824883593     
  -3.3548147261726058E-003   5.4882788322554890E-004
   19200.000000000000      -0.76072444678943185        2.0787252490860446     
  -3.3833910152871738E-003   5.4553336466550901E-004
   19250.000000000000      -0.76473027614645162        2.0691478156837300     
  -3.4119673044026300E-003   5.4223884610546912E-004
   19300.000000000000      -0.76873610550347848        2.0595703822814153     
  -3.4405435935171980E-003   5.3894432754542912E-004
   19350.000000000000      -0.77274286297394212        2.0503190781698470     
  -3.4690482066404016E-003   5.3578580381845981E-004
   19400.000000000000      -0.77675007346820735        2.0412269618542678     
  -3.4975178338134683E-003   5.3269366087468494E-004
   19450.000000000000      -0.78075728396247968        2.0321348455386881     
  -3.5259874609856467E-003   5.2960151793090995E-004
   19500.000000000000      -0.78476449445674490        2.0230427292231088     
  -3.5544570881587134E-003   5.2650937498713508E-004
   19550.000000000000      -0.78877170495101012        2.0139506129075291     
  -3.5829267153308919E-003   5.2341723204336020E-004
   19600.000000000000      -0.79277891544528245        2.0048584965919498     
  -3.6113963425030704E-003   5.2032508909958522E-004
   19650.000000000000      -0.79678612593954767        1.9957663802763703     
  -3.6398659696761371E-003   5.1723294615581034E-004
   19700.000000000000      -0.80079286412750150        1.9867287817881027     
  -3.6683296431228030E-003   5.1416326723007259E-004
   19750.000000000000      -0.80479607890412552        1.9780978870122417     
  -3.6967489016985766E-003   5.1126117017583810E-004
   19800.000000000000      -0.80879929368074954        1.9694669922363803     
  -3.7251681602743503E-003   5.0835907312160361E-004
   19850.000000000000      -0.81280250845737356        1.9608360974605192     
  -3.7535874188501239E-003   5.0545697606736923E-004
   19900.000000000000      -0.81680572323399758        1.9522052026846581     
  -3.7820066774258976E-003   5.0255487901313474E-004
   19950.000000000000      -0.82080893801062160        1.9435743079087968     
  -3.8104259360016712E-003   4.9965278195890036E-004
   20000.000000000000      -0.82481215278724562        1.9349434131329357     
  -3.8388451945774449E-003   4.9675068490466587E-004
   20050.000000000000      -0.82881536756386964        1.9263125183570744     
  -3.8672644531532185E-003   4.9384858785043138E-004
   20100.000000000000      -0.83281675431612001        1.9178642674993462     
  -3.8956337257483042E-003   4.9102084080468336E-004
   20150.000000000000      -0.83681558320483873        1.9096715811868590     
  -3.9239330554492469E-003   4.8829712802573005E-004
   20200.000000000000      -0.84081441209355035        1.9014788948743717     
  -3.9522323851501895E-003   4.8557341524677685E-004
   20250.000000000000      -0.84481324098226906        1.8932862085618845     
  -3.9805317148511321E-003   4.8284970246782359E-004
   20300.000000000000      -0.84881206987098778        1.8850935222493972     
  -4.0088310445520747E-003   4.8012598968887033E-004
   20350.000000000000      -0.85281089875970650        1.8769008359369099     
  -4.0371303742530174E-003   4.7740227690991707E-004
   20400.000000000000      -0.85680972764842522        1.8687081496244227     
  -4.0654297039539600E-003   4.7467856413096381E-004
   20450.000000000000      -0.86080855653714394        1.8605154633119354     
  -4.0937290336540144E-003   4.7195485135201061E-004
   20500.000000000000      -0.86480447796918725        1.8525577630386307     
  -4.1219239413194941E-003   4.6932571642075067E-004
   20550.000000000000      -0.86879815913739122        1.8447811250422841     
  -4.1500383893477988E-003   4.6676945594838497E-004
   20600.000000000000      -0.87279184030559520        1.8370044870459372     
  -4.1781528373761034E-003   4.6421319547601926E-004
   20650.000000000000      -0.87678552147380628        1.8292278490495906     
  -4.2062672854044081E-003   4.6165693500365356E-004
   20700.000000000000      -0.88077920264201026        1.8214512110532437     
  -4.2343817334327127E-003   4.5910067453128781E-004
   20750.000000000000      -0.88477288381022134        1.8136745730568968     
  -4.2624961814610174E-003   4.5654441405892210E-004
   20800.000000000000      -0.88876656497842532        1.8058979350605502     
  -4.2906106294893220E-003   4.5398815358655640E-004
   20850.000000000000      -0.89276024614662930        1.7981212970642033     
  -4.3187250775176267E-003   4.5143189311419070E-004
   20900.000000000000      -0.89675079244707234        1.7905659102018827     
  -4.3467991448427057E-003   4.4896358077839335E-004
   20950.000000000000      -0.90073886977372553        1.7831847773400282     
  -4.3748414089472831E-003   4.4656453504634950E-004
   21000.000000000000      -0.90472694710038581        1.7758036444781740     
  -4.4028836730509724E-003   4.4416548931430565E-004
   21050.000000000000      -0.90871502442703900        1.7684225116163195     
  -4.4309259371546617E-003   4.4176644358226181E-004
   21100.000000000000      -0.91270310175369218        1.7610413787544652     
  -4.4589682012592391E-003   4.3936739785021796E-004
   21150.000000000000      -0.91669117908034536        1.7536602458926107     
  -4.4870104653629284E-003   4.3696835211817417E-004
   21200.000000000000      -0.92067925640700565        1.7462791130307564     
  -4.5150527294666176E-003   4.3456930638613033E-004
   21250.000000000000      -0.92466733373365884        1.7388979801689020     
  -4.5430949935711951E-003   4.3217026065408648E-004
   21300.000000000000      -0.92865307519675611        1.7316660234826768     
  -4.5711285103253729E-003   4.2982984707416521E-004
   21350.000000000000      -0.93263527440415572        1.7246602872684298     
  -4.5991487620291593E-003   4.2757834710977481E-004
   21400.000000000000      -0.93661747361155534        1.7176545510541827     
  -4.6271690137338339E-003   4.2532684714538440E-004
   21450.000000000000      -0.94059967281895496        1.7106488148399357     
  -4.6551892654376203E-003   4.2307534718099394E-004
   21500.000000000000      -0.94458187202635457        1.7036430786256886     
  -4.6832095171414068E-003   4.2082384721660353E-004
   21550.000000000000      -0.94856407123375419        1.6966373424114418     
  -4.7112297688451932E-003   4.1857234725221307E-004
   21600.000000000000      -0.95254627044115381        1.6896316061971948     
  -4.7392500205489796E-003   4.1632084728782266E-004
   21650.000000000000      -0.95652846964855343        1.6826258699829477     
  -4.7672702722536542E-003   4.1406934732343226E-004
   21700.000000000000      -0.96051037184493282        1.6756471787295089     
  -4.7952924255190155E-003   4.1182834812671722E-004
   21750.000000000000      -0.96448865173167064        1.6689983244723177     
  -4.8233377699959945E-003   4.0971541499350733E-004
   21800.000000000000      -0.96846693161840847        1.6623494702151265     
  -4.8513831144738617E-003   4.0760248186029740E-004
   21850.000000000000      -0.97244521150514629        1.6557006159579355     
  -4.8794284589508408E-003   4.0548954872708751E-004
   21900.000000000000      -0.97642349139188411        1.6490517617007443     
  -4.9074738034278198E-003   4.0337661559387763E-004
   21950.000000000000      -0.98040177127862194        1.6424029074435531     
  -4.9355191479056870E-003   4.0126368246066774E-004
   22000.000000000000      -0.98438005116535976        1.6357540531863621     
  -4.9635644923826661E-003   3.9915074932745786E-004
   22050.000000000000      -0.98835833105209758        1.6291051989291709     
  -4.9916098368605333E-003   3.9703781619424792E-004
   22100.000000000000      -0.99233661093883541        1.6224563446719797     
  -5.0196551813375123E-003   3.9492488306103803E-004
   22150.000000000000      -0.99631375898273689        1.6160078876953572     
  -5.0477078386776952E-003   3.9288885338405611E-004
   22200.000000000000       -1.0002901256851544        1.6096977703402828     
  -5.0757655442827954E-003   3.9090591222703874E-004
   22250.000000000000       -1.0042664923875719        1.6033876529852082     
  -5.1038232498878955E-003   3.8892297107002136E-004
   22300.000000000000       -1.0082428590899823        1.5970775356301337     
  -5.1318809554929956E-003   3.8694002991300399E-004
   22350.000000000000       -1.0122192257923999        1.5907674182750593     
  -5.1599386610980957E-003   3.8495708875598662E-004
   22400.000000000000       -1.0161955924948174        1.5844573009199847     
  -5.1879963667031959E-003   3.8297414759896924E-004
   22450.000000000000       -1.0201719591972349        1.5781471835649101     
  -5.2160540723082960E-003   3.8099120644195187E-004
   22500.000000000000       -1.0241483258996524        1.5718370662098358     
  -5.2441117779133961E-003   3.7900826528493450E-004
   22550.000000000000       -1.0281246926020629        1.5655269488547612     
  -5.2721694835184962E-003   3.7702532412791712E-004
   22600.000000000000       -1.0321014732692149        1.5595197452443543     
  -5.3002814340263882E-003   3.7515727793852385E-004
   22650.000000000000       -1.0360782797930526        1.5535314619570737     
  -5.3283967727315584E-003   3.7329640821421765E-004
   22700.000000000000       -1.0400550863168903        1.5475431786697931     
  -5.3565121114358405E-003   3.7143553848991144E-004
   22750.000000000000       -1.0440318928407279        1.5415548953825122     
  -5.3846274501401226E-003   3.6957466876560529E-004
   22800.000000000000       -1.0480086993645656        1.5355666120952316     
  -5.4127427888452928E-003   3.6771379904129909E-004
   22850.000000000000       -1.0519855058884033        1.5295783288079510     
  -5.4408581275495749E-003   3.6585292931699289E-004
   22900.000000000000       -1.0559623124122410        1.5235900455206701     
  -5.4689734662538569E-003   3.6399205959268668E-004
   22950.000000000000       -1.0599391189360787        1.5176017622333895     
  -5.4970888049581390E-003   3.6213118986838053E-004
   23000.000000000000       -1.0639166028189209        1.5116507535820971     
  -5.5252224156427943E-003   3.6028429734477282E-004
   23050.000000000000       -1.0678989618212640        1.5059680196644301     
  -5.5534875342679868E-003   3.5853800217630453E-004
   23100.000000000000       -1.0718813208236142        1.5002852857467628     
  -5.5817526528931793E-003   3.5679170700783630E-004
   23150.000000000000       -1.0758636798259573        1.4946025518290955     
  -5.6100177715174837E-003   3.5504541183936801E-004
   23200.000000000000       -1.0798460388283004        1.4889198179114285     
  -5.6382828901426763E-003   3.5329911667089973E-004
   23250.000000000000       -1.0838283978306507        1.4832370839937612     
  -5.6665480087669806E-003   3.5155282150243144E-004
   23300.000000000000       -1.0878107568329938        1.4775543500760939     
  -5.6948131273921732E-003   3.4980652633396321E-004
   23350.000000000000       -1.0917931158353369        1.4718716161584269     
  -5.7230782460173657E-003   3.4806023116549492E-004
   23400.000000000000       -1.0957754748376871        1.4661888822407596     
  -5.7513433646416701E-003   3.4631393599702663E-004
   23450.000000000000       -1.0997541766268455        1.4605438670386108     
  -5.7796191852235168E-003   3.4458164601870630E-004
   23500.000000000000       -1.1037084454229174        1.4551508418269952     
  -5.8079665030943417E-003   3.4294292146763608E-004
   23550.000000000000       -1.1076627142189892        1.4497578166153795     
  -5.8363138209660548E-003   3.4130419691656585E-004
   23600.000000000000       -1.1116169830150611        1.4443647914037641     
  -5.8646611388377679E-003   3.3966547236549563E-004
   23650.000000000000       -1.1155712518111329        1.4389717661921484     
  -5.8930084567094809E-003   3.3802674781442541E-004
   23700.000000000000       -1.1195255206072048        1.4335787409805327     
  -5.9213557745803058E-003   3.3638802326335518E-004
   23750.000000000000       -1.1234797894032766        1.4281857157689173     
  -5.9497030924520189E-003   3.3474929871228496E-004
   23800.000000000000       -1.1274340581993485        1.4227926905573016     
  -5.9780504103237320E-003   3.3311057416121473E-004
   23850.000000000000       -1.1313883269954204        1.4173996653456860     
  -6.0063977281945569E-003   3.3147184961014451E-004
   23900.000000000000       -1.1353425957914922        1.4120066401340705     
  -6.0347450460662699E-003   3.2983312505907429E-004
   23950.000000000000       -1.1393381880609041        1.4068778522732657     
  -6.0633056614030068E-003   3.2829153695571121E-004
   24000.000000000000       -1.1433353851091184        1.4017593259530494     
  -6.0918745600533342E-003   3.2675372110331003E-004
   24050.000000000000       -1.1473325821573397        1.3966407996328334     
  -6.1204434587027734E-003   3.2521590525090891E-004
   24100.000000000000       -1.1513297792055539        1.3915222733126171     
  -6.1490123573522126E-003   3.2367808939850773E-004
   24150.000000000000       -1.1553269762537681        1.3864037469924011     
  -6.1775812560016519E-003   3.2214027354610661E-004
   24200.000000000000       -1.1593241733019823        1.3812852206721848     
  -6.2061501546519793E-003   3.2060245769370544E-004
   24250.000000000000       -1.1633213703501966        1.3761666943519688     
  -6.2347190533014185E-003   3.1906464184130431E-004
   24300.000000000000       -1.1673185673984179        1.3710481680317526     
  -6.2632879519508577E-003   3.1752682598890314E-004
   24350.000000000000       -1.1713157644466321        1.3659296417115365     
  -6.2918568506011852E-003   3.1598901013650196E-004
   24400.000000000000       -1.1753359638948098        1.3609728109150432     
  -6.3204886072236732E-003   3.1450953927290658E-004
   24450.000000000000       -1.1793705157666210        1.3561168705760061     
  -6.3491595842863902E-003   3.1306647295827674E-004
   24500.000000000000       -1.1834050676384251        1.3512609302369689     
  -6.3778305613491071E-003   3.1162340664364689E-004
   24550.000000000000       -1.1874396195102364        1.3464049898979316     
  -6.4065015384127122E-003   3.1018034032901704E-004
   24600.000000000000       -1.1914741713820405        1.3415490495588944     
  -6.4351725154754291E-003   3.0873727401438720E-004
   24650.000000000000       -1.1955087232538517        1.3366931092198573     
  -6.4638434925390342E-003   3.0729420769975735E-004
   24700.000000000000       -1.1995432751256558        1.3318371688808202     
  -6.4925144696017512E-003   3.0585114138512751E-004
   24750.000000000000       -1.2035778269974671        1.3269812285417830     
  -6.5211854466644681E-003   3.0440807507049771E-004
   24800.000000000000       -1.2076123788692783        1.3221252882027459     
  -6.5498564237280732E-003   3.0296500875586787E-004
   24850.000000000000       -1.2116492347514054        1.3172908119901794     
  -6.5785392759698524E-003   3.0152959527575315E-004
   24900.000000000000       -1.2157105725743023        1.3126844091795955     
  -6.6073483114257314E-003   3.0017549924431496E-004
   24950.000000000000       -1.2197719103971991        1.3080780063690114     
  -6.6361573468816104E-003   2.9882140321287677E-004
   25000.000000000000       -1.2238332482200960        1.3034716035584275     
  -6.6649663823374894E-003   2.9746730718143859E-004
   25050.000000000000       -1.2278945860429928        1.2988652007478436     
  -6.6937754177933684E-003   2.9611321115000040E-004
   25100.000000000000       -1.2319559238658897        1.2942587979372595     
  -6.7225844532483592E-003   2.9475911511856221E-004
   25150.000000000000       -1.2360172616887866        1.2896523951266756     
  -6.7513934887042382E-003   2.9340501908712403E-004
   25200.000000000000       -1.2400785995116834        1.2850459923160915     
  -6.7802025241601172E-003   2.9205092305568584E-004
   25250.000000000000       -1.2441399373345803        1.2804395895055076     
  -6.8090115596159961E-003   2.9069682702424765E-004
   25300.000000000000       -1.2482012751574771        1.2758331866949237     
  -6.8378205950718751E-003   2.8934273099280946E-004
   25350.000000000000       -1.2522708469154225        1.2713141934150405     
  -6.8667280539909115E-003   2.8801952574741916E-004
   25400.000000000000       -1.2563544268758307        1.2669439079396827     
  -6.8958029584624825E-003   2.8674887427890445E-004
   25450.000000000000       -1.2604380068362389        1.2625736224643251     
  -6.9248778629331653E-003   2.8547822281038975E-004
   25500.000000000000       -1.2645215867966471        1.2582033369889674     
  -6.9539527674038482E-003   2.8420757134187509E-004
   25550.000000000000       -1.2686051667570553        1.2538330515136098     
  -6.9830276718754192E-003   2.8293691987336039E-004
   25600.000000000000       -1.2726887467174635        1.2494627660382520     
  -7.0121025763461020E-003   2.8166626840484574E-004
   25650.000000000000       -1.2767723266778717        1.2450924805628945     
  -7.0411774808176730E-003   2.8039561693633103E-004
   25700.000000000000       -1.2808559066382799        1.2407221950875367     
  -7.0702523852883559E-003   2.7912496546781632E-004
   25750.000000000000       -1.2849394865986881        1.2363519096121791     
  -7.0993272897590387E-003   2.7785431399930167E-004
   25800.000000000000       -1.2890230665590963        1.2319816241368216     
  -7.1284021942306097E-003   2.7658366253078696E-004
   25850.000000000000       -1.2931386610277187        1.2277158673642752     
  -7.1575907096947944E-003   2.7534939573468611E-004
   25900.000000000000       -1.2972911762568771        1.2235706584127608     
  -7.1869102471389112E-003   2.7415708959494537E-004
   25950.000000000000       -1.3014436914860426        1.2194254494612462     
  -7.2162297845830281E-003   2.7296478345520468E-004
   26000.000000000000       -1.3055962067152009        1.2152802405097318     
  -7.2455493220280331E-003   2.7177247731546394E-004
   26050.000000000000       -1.3097487219443664        1.2111350315582174     
  -7.2748688594721500E-003   2.7058017117572326E-004
   26100.000000000000       -1.3139012371735319        1.2069898226067028     
  -7.3041883969162669E-003   2.6938786503598252E-004
   26150.000000000000       -1.3180537524026903        1.2028446136551885     
  -7.3335079343603837E-003   2.6819555889624183E-004
   26200.000000000000       -1.3222062676318558        1.1986994047036741     
  -7.3628274718053888E-003   2.6700325275650109E-004
   26250.000000000000       -1.3263587828610142        1.1945541957521595     
  -7.3921470092495056E-003   2.6581094661676035E-004
   26300.000000000000       -1.3305112980901797        1.1904089868006451     
  -7.4214665466936225E-003   2.6461864047701967E-004
   26350.000000000000       -1.3346716705039867        1.1863382212526516     
  -7.4508851379180285E-003   2.6344768451786208E-004
   26400.000000000000       -1.3388457237915077        1.1823970760263907     
  -7.4804762008753301E-003   2.6231390334042240E-004
   26450.000000000000       -1.3430197770790286        1.1784559308001294     
  -7.5100672638326316E-003   2.6118012216298265E-004
   26500.000000000000       -1.3471938303665496        1.1745147855738682     
  -7.5396583267908213E-003   2.6004634098554291E-004
   26550.000000000000       -1.3513678836540706        1.1705736403476070     
  -7.5692493897481228E-003   2.5891255980810322E-004
   26600.000000000000       -1.3555419369415844        1.1666324951213458     
  -7.5988404527054243E-003   2.5777877863066348E-004
   26650.000000000000       -1.3597159902291054        1.1626913498950846     
  -7.6284315156627258E-003   2.5664499745322374E-004
   26700.000000000000       -1.3638900435166263        1.1587502046688234     
  -7.6580225786200273E-003   2.5551121627578400E-004
   26750.000000000000       -1.3680640968041473        1.1548090594425624     
  -7.6876136415773288E-003   2.5437743509834431E-004
   26800.000000000000       -1.3722381500916683        1.1508679142163012     
  -7.7172047045346304E-003   2.5324365392090457E-004
   26850.000000000000       -1.3763815860277333        1.1469383213186539     
  -7.7468188341844879E-003   2.5211232281654745E-004
   26900.000000000000       -1.3801041392017126        1.1431675330120448     
  -7.7767500511400911E-003   2.5101467174908131E-004
   26950.000000000000       -1.3838266923756848        1.1393967447054356     
  -7.8066812680956943E-003   2.4991702068161517E-004
   27000.000000000000       -1.3875492455496570        1.1356259563988265     
  -7.8366124850504093E-003   2.4881936961414902E-004
   27050.000000000000       -1.3912717987236292        1.1318551680922173     
  -7.8665437020060125E-003   2.4772171854668288E-004
   27100.000000000000       -1.3949943518976085        1.1280843797856082     
  -7.8964749189607275E-003   2.4662406747921674E-004
   27150.000000000000       -1.3987169050715806        1.1243135914789990     
  -7.9264061359163307E-003   2.4552641641175060E-004
   27200.000000000000       -1.4024394582455528        1.1205428031723899     
  -7.9563373528710457E-003   2.4442876534428451E-004
   27250.000000000000       -1.4061620114195321        1.1167720148657807     
  -7.9862685698266489E-003   2.4333111427681837E-004
   27300.000000000000       -1.4098845645935043        1.1130012265591716     
  -8.0161997867822521E-003   2.4223346320935223E-004
   27350.000000000000       -1.4136071177674765        1.1092304382525624     
  -8.0461310037369671E-003   2.4113581214188609E-004
   27400.000000000000       -1.4176877561316772        1.1055640612987563     
  -8.0761418948611663E-003   2.4007889863055648E-004
   27450.000000000000       -1.4220393911660594        1.1019767022147491     
  -8.1062130829057111E-003   2.3905281505122480E-004
   27500.000000000000       -1.4263910262004345        1.0983893431307421     
  -8.1362842709502559E-003   2.3802673147189311E-004
   27550.000000000000       -1.4307426612348166        1.0948019840467349     
  -8.1663554589948006E-003   2.3700064789256142E-004
   27600.000000000000       -1.4350942962691917        1.0912146249627277     
  -8.1964266470393454E-003   2.3597456431322973E-004
   27650.000000000000       -1.4394459313035739        1.0876272658787207     
  -8.2264978350838902E-003   2.3494848073389804E-004
   27700.000000000000       -1.4437975663379490        1.0840399067947135     
  -8.2565690231293232E-003   2.3392239715456636E-004
   27750.000000000000       -1.4481492013723312        1.0804525477107063     
  -8.2866402111738680E-003   2.3289631357523467E-004
   27800.000000000000       -1.4525008364067062        1.0768651886266993     
  -8.3167113992184127E-003   2.3187022999590298E-004
   27850.000000000000       -1.4568524714410884        1.0732778295426921     
  -8.3467825872629575E-003   2.3084414641657129E-004
   27900.000000000000       -1.4612041064754635        1.0696904704586849     
  -8.3768537753075023E-003   2.2981806283723960E-004
   27950.000000000000       -1.4656662670562994        1.0662676605977404     
  -8.4073334758336671E-003   2.2884985041116907E-004
   28000.000000000000       -1.4701455619891277        1.0628703601723872     
  -8.4378765064840877E-003   2.2789060952825885E-004
   28050.000000000000       -1.4746248569219560        1.0594730597470339     
  -8.4684195371345083E-003   2.2693136864534864E-004
   28100.000000000000       -1.4791041518547914        1.0560757593216805     
  -8.4989625677849290E-003   2.2597212776243844E-004
   28150.000000000000       -1.4835834467876197        1.0526784588963272     
  -8.5295055984353496E-003   2.2501288687952822E-004
   28200.000000000000       -1.4880627417204479        1.0492811584709738     
  -8.5600486290866584E-003   2.2405364599661801E-004
   28250.000000000000       -1.4925420366532833        1.0458838580456205     
  -8.5905916597370791E-003   2.2309440511370779E-004
   28300.000000000000       -1.4970213315861116        1.0424865576202671     
  -8.6211346903874997E-003   2.2213516423079759E-004
   28350.000000000000       -1.5015006265189399        1.0390892571949137     
  -8.6516777210379203E-003   2.2117592334788738E-004
   28400.000000000000       -1.5059799214517682        1.0356919567695604     
  -8.6822207516883410E-003   2.2021668246497716E-004
   28450.000000000000       -1.5104592163846036        1.0322946563442070     
  -8.7127637823387616E-003   2.1925744158206694E-004
   28500.000000000000       -1.5150741565684385        1.0290689221346647     
  -8.7436464626398092E-003   2.1835771359453209E-004
   28550.000000000000       -1.5196957853302493        1.0258516477422155     
  -8.7745458908417007E-003   2.1746092014866779E-004
   28600.000000000000       -1.5243174140920672        1.0226343733497663     
  -8.8054453190435922E-003   2.1656412670280348E-004
   28650.000000000000       -1.5289390428538780        1.0194170989573172     
  -8.8363447472454837E-003   2.1566733325693917E-004
   28700.000000000000       -1.5335606716156889        1.0161998245648680     
  -8.8672441754464870E-003   2.1477053981107486E-004
   28750.000000000000       -1.5381823003775068        1.0129825501724188     
  -8.8981436036483785E-003   2.1387374636521055E-004
   28800.000000000000       -1.5428039291393176        1.0097652757799696     
  -8.9290430318502700E-003   2.1297695291934627E-004
   28850.000000000000       -1.5474255579011356        1.0065480013875205     
  -8.9599424600521616E-003   2.1208015947348196E-004
   28900.000000000000       -1.5520471866629464        1.0033307269950713     
  -8.9908418882531649E-003   2.1118336602761765E-004
   28950.000000000000       -1.5566688154247572        1.0001134526026221     
  -9.0217413164550564E-003   2.1028657258175334E-004
   29000.000000000000       -1.5612904441865751       0.99689617821017285     
  -9.0526407446569479E-003   2.0938977913588904E-004
   29050.000000000000       -1.5660484544737443       0.99381968984250002     
  -9.0837108958812252E-003   2.0854118774881370E-004
   29100.000000000000       -1.5708350738810495       0.99077273453867010     
  -9.1148168601336010E-003   2.0770270783751756E-004
   29150.000000000000       -1.5756216932883547       0.98772577923484028     
  -9.1459228243868651E-003   2.0686422792622142E-004
   29200.000000000000       -1.5804083126956527       0.98467882393101036     
  -9.1770287886401292E-003   2.0602574801492532E-004
   29250.000000000000       -1.5851949321029579       0.98163186862718044     
  -9.2081347528925050E-003   2.0518726810362918E-004
   29300.000000000000       -1.5899815515102560       0.97858491332335062     
  -9.2392407171457691E-003   2.0434878819233305E-004
   29350.000000000000       -1.5947681709175612       0.97553795801952070     
  -9.2703466813981450E-003   2.0351030828103694E-004
   29400.000000000000       -1.5995547903248664       0.97249100271569089     
  -9.3014526456514091E-003   2.0267182836974080E-004
   29450.000000000000       -1.6043414097321644       0.96944404741186097     
  -9.3325586099037849E-003   2.0183334845844467E-004
   29500.000000000000       -1.6091280291394696       0.96639709210803115     
  -9.3636645741570490E-003   2.0099486854714856E-004
   29550.000000000000       -1.6139146485467677       0.96335013680420123     
  -9.3947705384094249E-003   2.0015638863585242E-004
   29600.000000000000       -1.6187959221988208       0.96038110915140584     
  -9.4261455453752419E-003   1.9934421652376014E-004
   29650.000000000000       -1.6237785892327778       0.95749555739664427     
  -9.4578087501986374E-003   1.9856022525806421E-004
   29700.000000000000       -1.6287612562667348       0.95461000564188259     
  -9.4894719550211448E-003   1.9777623399236827E-004
   29750.000000000000       -1.6337439233006990       0.95172445388712101     
  -9.5211351598445404E-003   1.9699224272667234E-004
   29800.000000000000       -1.6387265903346560       0.94883890213235944     
  -9.5527983646670478E-003   1.9620825146097641E-004
   29850.000000000000       -1.6437092573686201       0.94595335037759776     
  -9.5844615694904434E-003   1.9542426019528050E-004
   29900.000000000000       -1.6486919244025771       0.94306779862283618     
  -9.6161247743129508E-003   1.9464026892958457E-004
   29950.000000000000       -1.6536745914365341       0.94018224686807450     
  -9.6477879791363463E-003   1.9385627766388864E-004
   30000.000000000000       -1.6586572584704982       0.93729669511331293     
  -9.6794511839588537E-003   1.9307228639819270E-004
   30050.000000000000       -1.6636399255044552       0.93441114335855135     
  -9.7111143887822493E-003   1.9228829513249677E-004
   30100.000000000000       -1.6686225925384193       0.93152559160378967     
  -9.7427775936047567E-003   1.9150430386680084E-004
   30150.000000000000       -1.6736052595723763       0.92864003984902810     
  -9.7744407984281523E-003   1.9072031260110490E-004
   30200.000000000000       -1.6788054020110650       0.92589468308184475     
  -9.8062896930706245E-003   1.8998300320304407E-004
   30250.000000000000       -1.6840252307217440       0.92316201702173717     
  -9.8381553966966351E-003   1.8924991953315045E-004
   30300.000000000000       -1.6892450594324302       0.92042935096162959     
  -9.8700211003226457E-003   1.8851683586325679E-004
   30350.000000000000       -1.6944648881431092       0.91769668490152201     
  -9.9018868039486563E-003   1.8778375219336317E-004
   30400.000000000000       -1.6996847168537954       0.91496401884141443     
  -9.9337525075737787E-003   1.8705066852346951E-004
   30450.000000000000       -1.7049045455644745       0.91223135278130685     
  -9.9656182111997893E-003   1.8631758485357589E-004
   30500.000000000000       -1.7101243742751535       0.90949868672119927     
  -9.9974839148257999E-003   1.8558450118368223E-004
   30550.000000000000       -1.7153442029858397       0.90676602066109169     
  -1.0029349618451810E-002   1.8485141751378861E-004
   30600.000000000000       -1.7205640316965187       0.90403335460098411     
  -1.0061215322076933E-002   1.8411833384389495E-004
   30650.000000000000       -1.7257838604072049       0.90130068854087653     
  -1.0093081025702944E-002   1.8338525017400133E-004
   30700.000000000000       -1.7310036891178839       0.89856802248076895     
  -1.0124946729328954E-002   1.8265216650410767E-004
   30750.000000000000       -1.7362597828605999       0.89585349095934896     
  -1.0156884997465809E-002   1.8192504416025465E-004
   30800.000000000000       -1.7417688280261103       0.89326544925762219     
  -1.0189329408718528E-002   1.8123950252981269E-004
   30850.000000000000       -1.7472778731916279       0.89067740755589542     
  -1.0221773819971247E-002   1.8055396089937070E-004
   30900.000000000000       -1.7527869183571383       0.88808936585416876     
  -1.0254218231224854E-002   1.7986841926892870E-004
   30950.000000000000       -1.7582959635226558       0.88550132415244198     
  -1.0286662642477573E-002   1.7918287763848674E-004
   31000.000000000000       -1.7638050086881663       0.88291328245071532     
  -1.0319107053730292E-002   1.7849733600804475E-004
   31050.000000000000       -1.7693140538536838       0.88032524074898855     
  -1.0351551464983011E-002   1.7781179437760276E-004
   31100.000000000000       -1.7748230990191942       0.87773719904726177     
  -1.0383995876236618E-002   1.7712625274716079E-004
   31150.000000000000       -1.7803321441847118       0.87514915734553511     
  -1.0416440287489337E-002   1.7644071111671880E-004
   31200.000000000000       -1.7858411893502293       0.87256111564380834     
  -1.0448884698742056E-002   1.7575516948627683E-004
   31250.000000000000       -1.7913502345157397       0.86997307394208168     
  -1.0481329109995663E-002   1.7506962785583484E-004
   31300.000000000000       -1.7968592796812572       0.86738503224035490     
  -1.0513773521248382E-002   1.7438408622539285E-004
   31350.000000000000       -1.8024052186799366       0.86481113967924383     
  -1.0546253935556749E-002   1.7370313072789768E-004
   31400.000000000000       -1.8082717514038080       0.86236019790172580     
  -1.0579047203063574E-002   1.7306202702457084E-004
   31450.000000000000       -1.8141382841276794       0.85990925612420777     
  -1.0611840470571288E-002   1.7242092332124404E-004
   31500.000000000000       -1.8200048168515437       0.85745831434668973     
  -1.0644633738078113E-002   1.7177981961791721E-004
   31550.000000000000       -1.8258713495754151       0.85500737256917170     
  -1.0677427005585827E-002   1.7113871591459037E-004
   31600.000000000000       -1.8317378822992865       0.85255643079165366     
  -1.0710220273092652E-002   1.7049761221126354E-004
   31650.000000000000       -1.8376044150231508       0.85010548901413563     
  -1.0743013540599478E-002   1.6985650850793671E-004
   31700.000000000000       -1.8434709477470221       0.84765454723661759     
  -1.0775806808107191E-002   1.6921540480460990E-004
   31750.000000000000       -1.8493374804708864       0.84520360545909956     
  -1.0808600075614017E-002   1.6857430110128307E-004
   31800.000000000000       -1.8552040131947578       0.84275266368158153     
  -1.0841393343121730E-002   1.6793319739795624E-004
   31850.000000000000       -1.8610705459186292       0.84030172190406349     
  -1.0874186610628556E-002   1.6729209369462940E-004
   31900.000000000000       -1.8669370786424935       0.83785078012654557     
  -1.0906979878135381E-002   1.6665098999130260E-004
   31950.000000000000       -1.8728036113663649       0.83539983834902753     
  -1.0939773145643095E-002   1.6600988628797577E-004
   32000.000000000000       -1.8790488381510713       0.83305859591669529     
  -1.0973068481364479E-002   1.6540387385222043E-004
   32050.000000000000       -1.8853633224486046       0.83073741586345218     
  -1.1006455637898149E-002   1.6480427908752360E-004
   32100.000000000000       -1.8916778067461451       0.82841623581020907     
  -1.1039842794430932E-002   1.6420468432282677E-004
   32150.000000000000       -1.8979922910436855       0.82609505575696585     
  -1.1073229950963714E-002   1.6360508955812994E-004
   32200.000000000000       -1.9043067753412259       0.82377387570372274     
  -1.1106617107497385E-002   1.6300549479343309E-004
   32250.000000000000       -1.9106212596387593       0.82145269565047963     
  -1.1140004264030168E-002   1.6240590002873626E-004
   32300.000000000000       -1.9169357439362997       0.81913151559723651     
  -1.1173391420562950E-002   1.6180630526403943E-004
   32350.000000000000       -1.9232502282338402       0.81681033554399329     
  -1.1206778577096621E-002   1.6120671049934260E-004
   32400.000000000000       -1.9295647125313806       0.81448915549075018     
  -1.1240165733629404E-002   1.6060711573464577E-004
   32450.000000000000       -1.9358791968289140       0.81216797543750707     
  -1.1273552890162186E-002   1.6000752096994894E-004
   32500.000000000000       -1.9421936811264544       0.80984679538426396     
  -1.1306940046695857E-002   1.5940792620525209E-004
   32550.000000000000       -1.9485081654239949       0.80752561533102085     
  -1.1340327203228640E-002   1.5880833144055526E-004
   32600.000000000000       -1.9550210316882328       0.80524727062062973     
  -1.1373843016531104E-002   1.5822225703935336E-004
   32650.000000000000       -1.9619046081358817       0.80304897097718175     
  -1.1407599246718192E-002   1.5766144771901667E-004
   32700.000000000000       -1.9687881845835307       0.80085067133373378     
  -1.1441355476906168E-002   1.5710063839867997E-004
   32750.000000000000       -1.9756717610311796       0.79865237169028569     
  -1.1475111707093255E-002   1.5653982907834328E-004
   32800.000000000000       -1.9825553374788285       0.79645407204683771     
  -1.1508867937281231E-002   1.5597901975800658E-004
   32850.000000000000       -1.9894389139264845       0.79425577240338974     
  -1.1542624167469206E-002   1.5541821043766989E-004
   32900.000000000000       -1.9963224903741335       0.79205747275994176     
  -1.1576380397656294E-002   1.5485740111733319E-004
   32950.000000000000       -2.0032060668217824       0.78985917311649378     
  -1.1610136627844270E-002   1.5429659179699650E-004
   33000.000000000000       -2.0100896432694313       0.78766087347304581     
  -1.1643892858031357E-002   1.5373578247665981E-004
   33050.000000000000       -2.0169732197170802       0.78546257382959783     
  -1.1677649088219333E-002   1.5317497315632311E-004
   33100.000000000000       -2.0238567961647291       0.78326427418614986     
  -1.1711405318406420E-002   1.5261416383598642E-004
   33150.000000000000       -2.0307403726123781       0.78106597454270188     
  -1.1745161548594396E-002   1.5205335451564972E-004
   33200.000000000000       -2.0376239490600270       0.77886767489925390     
  -1.1778917778781484E-002   1.5149254519531305E-004
   33250.000000000000       -2.0449575976790655       0.77674004574802435     
  -1.1812972131176380E-002   1.5095374563265000E-004
   33300.000000000000       -2.0525826057604135       0.77465816596305725     
  -1.1847219476454285E-002   1.5042919434297262E-004
   33350.000000000000       -2.0602076138417615       0.77257628617809004     
  -1.1881466821732189E-002   1.4990464305329520E-004
   33400.000000000000       -2.0678326219231025       0.77049440639312294     
  -1.1915714167010094E-002   1.4938009176361782E-004
   33450.000000000000       -2.0754576300044505       0.76841252660815584     
  -1.1949961512287999E-002   1.4885554047394041E-004
   33500.000000000000       -2.0830826380857985       0.76633064682318863     
  -1.1984208857565903E-002   1.4833098918426302E-004
   33550.000000000000       -2.0907076461671394       0.76424876703822153     
  -1.2018456202843808E-002   1.4780643789458561E-004
   33600.000000000000       -2.0983326542484875       0.76216688725325443     
  -1.2052703548121713E-002   1.4728188660490823E-004
   33650.000000000000       -2.1059576623298355       0.76008500746828722     
  -1.2086950893399617E-002   1.4675733531523081E-004
   33700.000000000000       -2.1135826704111764       0.75800312768332012     
  -1.2121198238678410E-002   1.4623278402555343E-004
   33750.000000000000       -2.1212076784925245       0.75592124789835302     
  -1.2155445583956315E-002   1.4570823273587602E-004
   33800.000000000000       -2.1288326865738725       0.75383936811338581     
  -1.2189692929234219E-002   1.4518368144619863E-004
   33850.000000000000       -2.1364576946552134       0.75175748832841871     
  -1.2223940274512124E-002   1.4465913015652122E-004
   33900.000000000000       -2.1446943898282242       0.74974358043142530     
  -1.2258493153799677E-002   1.4415546920110514E-004
   33950.000000000000       -2.1533114905062831       0.74777194395183888     
  -1.2293236043340983E-002   1.4366479985244963E-004
   34000.000000000000       -2.1619285911843420       0.74580030747225246     
  -1.2327978932881400E-002   1.4317413050379411E-004
   34050.000000000000       -2.1705456918624009       0.74382867099266603     
  -1.2362721822422706E-002   1.4268346115513860E-004
   34100.000000000000       -2.1791627925404597       0.74185703451307961     
  -1.2397464711964012E-002   1.4219279180648312E-004
   34150.000000000000       -2.1877798932185186       0.73988539803349318     
  -1.2432207601505318E-002   1.4170212245782760E-004
   34200.000000000000       -2.1963969938965775       0.73791376155390676     
  -1.2466950491045736E-002   1.4121145310917209E-004
   34250.000000000000       -2.2050140945746364       0.73594212507432033     
  -1.2501693380587042E-002   1.4072078376051658E-004
   34300.000000000000       -2.2136311952526952       0.73397048859473391     
  -1.2536436270128348E-002   1.4023011441186107E-004
   34350.000000000000       -2.2222482959307541       0.73199885211514748     
  -1.2571179159669654E-002   1.3973944506320555E-004
   34400.000000000000       -2.2308653966088130       0.73002721563556106     
  -1.2605922049210960E-002   1.3924877571455007E-004
   34450.000000000000       -2.2394824972868719       0.72805557915597463     
  -1.2640664938751378E-002   1.3875810636589456E-004
   34500.000000000000       -2.2480995979649308       0.72608394267638821     
  -1.2675407828292684E-002   1.3826743701723904E-004
   34550.000000000000       -2.2572309474950387       0.72415114019321625     
  -1.2710362333484326E-002   1.3778854719278548E-004
   34600.000000000000       -2.2672297411424864       0.72228384358644770     
  -1.2745673795723000E-002   1.3732952727943330E-004
   34650.000000000000       -2.2772285347899412       0.72041654697967927     
  -1.2780985257961675E-002   1.3687050736608112E-004
   34700.000000000000       -2.2872273284373961       0.71854925037291073     
  -1.2816296720200349E-002   1.3641148745272897E-004
   34750.000000000000       -2.2972261220848509       0.71668195376614230     
  -1.2851608182439023E-002   1.3595246753937679E-004
   34800.000000000000       -2.3072249157323057       0.71481465715937376     
  -1.2886919644676809E-002   1.3549344762602461E-004
   34850.000000000000       -2.3172237093797534       0.71294736055260532     
  -1.2922231106915483E-002   1.3503442771267243E-004
   34900.000000000000       -2.3272225030272082       0.71108006394583678     
  -1.2957542569154157E-002   1.3457540779932025E-004
   34950.000000000000       -2.3372212966746631       0.70921276733906835     
  -1.2992854031392831E-002   1.3411638788596807E-004
   35000.000000000000       -2.3472200903221179       0.70734547073229981     
  -1.3028165493631505E-002   1.3365736797261589E-004
